Process: 0, Elapsed time is 0.000489s
Process: 2, Elapsed time is 0.000488s
Process: 3, Elapsed time is 0.000500s
Process: 1, Elapsed time is 0.000506s
N: 4000
